020101003801202511
020101012701202511
020101012709202511
020101013501202511
020101013509202511
020101014301202511
020101014307202511
020101014309202511
020101016001202511
020101016009202511
020101020801202511
020101020809202511
020101024001202511
020101024007202511
020101024009202511
020101025901202511
020101026701202511
020101026707202511
020101026709202511
020101027503202511
020101027507202511
020101027509202511
020101030501202511
020101030507202511
020101030509202511
020101031301202511
020101031307202511
020101031309202511
020101032101202511
020101032107202511
020101032109202511
020101033001202511
020101033007202511
020101033009202511
020101040201202511
020101040207202511
020101040209202511
020101053401202511
020101053409202511
020101055001202511
020101055009202511
020904003301202511
020904003307202511
020904003309202511
020904005001202511
020904005007202511
020904005009202511
021105009101202511
021105010503202511
021105010507202511
021105010509202511
021105014801202511
030106001003202511
030106001007202511
030106007001202511
030106007003202511
030106007007202511
030106007009202511
030106008803202511
030109001703202511
030109001709202511
030109001713202511
030109002503202511
030109002509202511
030109002513202511
030116002303202511
030116002307202511
030301001003202511
030301001007202511
030301002903202511
030301002907202511
030301003703202511
030301003707202511
030301004503202511
030301004507202511
030301005303202511
030301005307202511
030301006103202511
030301006107202511
030301007003202511
030301007007202511
030301008803202511
030301008807202511
030301009603202511
030301009607202511
030301010003202511
030301010007202511
030301011803202511
030301011807202511
030301012603202511
030301012607202511
030301013403202511
030301013407202511
030301014203202511
030301014207202511
030301015003202511
030301015007202511
030301016903202511
030301016907202511
030301017703202511
030301017707202511
030301018503202511
030301018507202511
030301019303202511
030301019307202511
030301020703202511
030301020707202511
030301021503202511
030301021506202511
030301021507202511
030302003203202511
030302003207202511
030302004003202511
030302004007202511
030302005903202511
030302005907202511
030302006703202511
030302006707202511
030302007503202511
030302007507202511
030302008303202511
030302008307202511
030303001107202511
030303001111202511
030303002003202511
030303002007202511
030303003803202511
030303003807202511
030303004603202511
030303004607202511
030303005403202511
030303005407202511
030303006203202511
030303006207202511
030304001703202511
030304001707202511
030304002503202511
030304002507202511
030304003303202511
030304003307202511
030304004103202511
030304004107202511
030304005003202511
030304005007202511
030304006803202511
030304006807202511
030304007603202511
030304007607202511
030304008401202511
030304008403202511
030304008407202511
030304009201202511
030304009203202511
030304009207202511
030304010603202511
030304010607202511
030304011401202511
030304011403202511
030304011407202511
030304012201202511
030304012203202511
030304012207202511
030304013003202511
030304013007202511
030304014903202511
030304014907202511
030304015703202511
030304015707202511
030304016503202511
030304016507202511
030304017303202511
030304017307202511
030304018103202511
030304019003202511
030304019007202511
030304020303202511
030304020307202511
030304021103202511
030304021107202511
030304022003202511
030304022007202511
030304023803202511
030304023807202511
030304024603202511
030304024607202511
030304025403202511
030304025407202511
030304026203202511
030304026207202511
030304027003202511
030304027007202511
030304028903202511
030304029703202511
030304029707202511
030304030003202511
030305013603202511
030305013607202511
030305014403202511
030305014407202511
030306001803202511
030306001807202511
030306002603202511
030306002607202511
030306003403202511
030306003407202511
030306004203202511
030306004207202511
030306005003202511
030306005007202511
030306006903202511
030306006907202511
030306007703202511
030306007707202511
030306008503202511
030306008507202511
030306009303202511
030306009307202511
030306010703202511
030306010707202511
030306011503202511
030306011507202511
030306012303202511
030306012307202511
030306013103202511
030306013107202511
030306014003202511
030306014007202511
030306015803202511
030306015807202511
030306016603202511
030306016607202511
030306017403202511
030306017407202511
030306018203202511
030306018207202511
030306019003202511
030306019007202511
030306020403202511
030306020407202511
030306021203202511
030306021207202511
030306022001202511
030306022003202511
030306022007202511
030306023903202511
030306023907202511
030306024703202511
030306024707202511
030306025503202511
030306025507202511
030306026303202511
030306026307202511
030306027103202511
030306027107202511
030306028003202511
030306028007202511
030306029803202511
030306029807202511
030306030103202511
030306030107202511
030307006403202511
030307006407202511
030307007203202511
030307007207202511
030307008003202511
030307008007202511
030307009903202511
030307009907202511
030307010203202511
030307010207202511
030307011003202511
030307011007202511
030307012903202511
030307012907202511
030307013701202511
030308004303202511
030308004307202511
030308005103202511
030308005107202511
030308006003202511
030308006007202511
030308007803202511
030308007807202511
030308008603202511
030308008607202511
030308009403202511
030308009407202511
030309013803202511
030309013807202511
030309013809202511
030309019703202511
030309019707202511
030309019709202511
030309023503202511
030309023507202511
030309023509202511
030309031603202511
030309031607202511
030310001002202511
030310001003202511
030310001007202511
030310002802202511
030310002803202511
030310002807202511
030310003602202511
030310003603202511
030310003607202511
030310004402202511
030310004403202511
030310004407202511
030310005202202511
030310005203202511
030310005207202511
030311001503202511
030311001507202511
030311002303202511
030311002307202511
030311003103202511
030311003107202511
030311004003202511
030311004007202511
030311005803202511
030311005807202511
030311006603202511
030311006607202511
030311007403202511
030311007407202511
030311008203202511
030311008207202511
030311009003202511
030311009007202511
030311010403202511
030311010407202511
030311011203202511
030311011207202511
030313001604202511
030313002404202511
030313003204202511
030313004004202511
030313005904202511
030313006704202511
030313007504202511
030313008304202511
030314002003202511
030314002007202511
030314003803202511
030314003807202511
030314004603202511
030314004607202511
030314005403202511
030314005407202511
030314006203202511
030314006207202511
030314007003202511
030314007007202511
030314008903202511
030314008907202511
030314009703202511
030314009707202511
030314010003202511
030314010007202511
030314011903202511
030314011907202511
030314012703202511
030314012707202511
030314013503202511
030314013507202511
030314014303202511
030314014307202511
030314015103202511
030314015107202511
030315001703202511
030315001707202511
030315002503202511
030315002507202511
030315003303202511
030315003307202511
030315004103202511
030315004107202511
030315005003202511
030315005007202511
030315006803202511
030315006807202511
030316001207202511
030316002007202511
030316003907202511
030316004707202511
030316005507202511
030316006307202511
030316007107202511
030317009305202511
030317009307202511
030317010707202511
030317010714202511
030317013102202511
030317013103202511
030317013105202511
030317013107202511
030317013187202511
030317014002202511
030317014003202511
030317014005202511
030317014007202511
030317014087202511
030317015802202511
030317015803202511
030317015805202511
030317015807202511
030317015887202511
030317016602202511
030317016603202511
030317016605202511
030317016607202511
030317016687202511
030317017402202511
030317017403202511
030317017405202511
030317017407202511
030317017487202511
030317018202202511
030317018203202511
030317018205202511
030317018207202511
030317018287202511
030317019005202511
030317019007202511
030317020405202511
030317020407202511
030318001303202511
030318001307202511
030318003003202511
030318003007202511
030318004803202511
030318004807202511
030318005603202511
030318005607202511
030318006403202511
030318006407202511
030318007207202511
030318007210202511
030319001903202511
030319001907202511
030319001908202511
030401011103202511
030401011107202511
030401035903202511
030401035907202511
030401049903202511
030401049907202511
030401059603202511
030401059607202511
030408002003202511
030408002007202511
030408003903202511
030408003907202511
030408003909202511
030408004703202511
030408006303202511
030409001803202511
030409001807202511
030409002603202511
030409002607202511
030409003403202511
030409003407202511
030409004203202511
030409004207202511
030410001303202511
030410001307202511
030410001309202511
030410002103202511
030410002107202511
030501017403202511
030501017407202511
030502001303202511
030502001307202511
030502002103202511
030502002107202511
030502003003202511
030502003007202511
030502004803202511
030502004807202511
030502005603202511
030502005607202511
030701005801202511
030701005803202511
030701005807202511
030701005809202511
030702003701202511
030702003703202511
030702003707202511
030702003709202511
030702004501202511
030702004503202511
030702004507202511
030702004509202511
030702005301202511
030702005303202511
030702005307202511
030702005309202511
030702006101202511
030702006103202511
030702006107202511
030702006109202511
030702008801202511
030702008803202511
030702008807202511
030702008809202511
030702009601202511
030702009603202511
030702009607202511
030702009609202511
030702010001202511
030702010003202511
030702010007202511
030702010009202511
030702011801202511
030702011803202511
030702011807202511
030702011809202511
030703003201202511
030703003203202511
030703003207202511
030703003209202511
030704001101202511
030704001103202511
030704001107202511
030704001109202511
030704006201202511
030704006203202511
030704006207202511
030704006209202511
030704008901202511
030704008903202511
030704008907202511
030704008909202511
030801001901202511
030801001903202511
030801001907202511
030801002703202511
030801002707202511
030801003501202511
030801003503202511
030801003507202511
030801004301202511
030801004303202511
030801004307202511
030802002203202511
030802002207202511
030802003003202511
030802003007202511
030803001003202511
030803001007202511
030803002803202511
030803002807202511
030803003601202511
030803003603202511
030803003607202511
030803003683202511
030804001501202511
030804001503202511
030804001507202511
030804002303202511
030804002307202511
030901003901202511
030901003903202511
030901003907202511
030908001007202511
031001003901202511
031001003902202511
031001003903202511
031001004701202511
031001004702202511
031001004703202511
031001005502202511
040102001001202511
040102001007202511
040102001009202511
040102002901202511
040102002907202511
040102002909202511
040102003701202511
040102003707202511
040102003709202511
040102004501202511
040102004507202511
040102004509202511
040102005301202511
040102005307202511
040102005309202511
040102006101202511
040102006107202511
040102006109202511
040102007001202511
040102007007202511
040102007009202511
040102008801202511
040102008807202511
040102008809202511
040102009601202511
040102009607202511
040102009609202511
040102010001202511
040102010007202511
040102010009202511
040102011801202511
040102011807202511
040102011809202511
040102012601202511
040102012607202511
040102012609202511
040102013401202511
040102013409202511
040102014201202511
040102014207202511
040102014209202511
040102015001202511
040102015007202511
040102015009202511
040102016901202511
040102016907202511
040102016909202511
040201001901202511
040201001907202511
040201002701202511
040201002707202511
040201003501202511
040201003507202511
040201003509202511
040201004301202511
040201004307202511
040201004309202511
040201005101202511
040201005107202511
040202001401202511
040202001407202511
040202002201202511
040202002207202511
040301001201202511
040301001207202511
040301002001202511
040301002007202511
040301003901202511
040301003907202511
040301004701202511
040301004707202511
040301005501202511
040301005507202511
040301006301202511
040301006307202511
040301007101202511
040301007107202511
040301008001202511
040301008007202511
040301008009202511
040301009801202511
040301009807202511
040301010101202511
040301010107202511
040301011001202511
040301011007202511
040301012801202511
040301012807202511
040301013601202511
040301013607202511
040301014401202511
040301014407202511
040301015201202511
040301015207202511
040301016001202511
040301016007202511
040301017901202511
040301017907202511
040301018701202511
040301018707202511
040301019501202511
040301019507202511
040301020901202511
040301020907202511
040301021701202511
040301021707202511
040301022501202511
040301022507202511
040301023301202511
040301023307202511
040301024101202511
040301024107202511
040301025001202511
040301025007202511
040301026801202511
040301026807202511
040301027601202511
040301027607202511
040301028401202511
040301028407202511
040301029201202511
040301029207202511
040301030601202511
040301030607202511
040301031401202511
040301031407202511
040301032201202511
040301032207202511
040301033001202511
040301033007202511
040301034901202511
040301034907202511
040301035701202511
040301035707202511
040301036501202511
040301036507202511
040301039001202511
040301039003202511
040301039007202511
040302001801202511
040302001807202511
040302002601202511
040302002607202511
040302003401202511
040302003407202511
040302004201202511
040302004207202511
040302005001202511
040302005007202511
040302006901202511
040302006907202511
040302007701202511
040302007707202511
040302007709202511
040302008501202511
040302008507202511
040302008509202511
040302009301202511
040302009307202511
040302009309202511
040302010701202511
040302010707202511
040302011501202511
040302011507202511
040302012301202511
040302012307202511
040302012309202511
040302013101202511
040302013107202511
040303001301202511
040303001307202511
040303002101202511
040303002107202511
040303003001202511
040303003007202511
040303004801202511
040303004807202511
040303005601202511
040303005607202511
040303006401202511
040303006407202511
040303008001202511
040303008007202511
040303009901202511
040303009907202511
040303010201202511
040303010207202511
040303011001202511
040303011007202511
040303012901202511
040303012907202511
040303013701202511
040303013707202511
040303014501202511
040303014507202511
040303015301202511
040303015307202511
040303016101202511
040303016107202511
040304001901202511
040304001907202511
040304002701202511
040304002707202511
040304005101202511
040304005107202511
040304006001202511
040304006007202511
040304007801202511
040304007807202511
040304008601202511
040304008607202511
040304009401202511
040304009407202511
040304010801202511
040304010807202511
040304011601202511
040304011607202511
040304012401202511
040304012407202511
040305003001202511
040305003003202511
040305003007202511
040305004901202511
040305004907202511
040305005701202511
040305006501202511
040305006507202511
040305007301202511
040305007307202511
040305009001202511
040305009007202511
040305009009202511
040305010301202511
040305010307202511
040305010309202511
040305011101202511
040305011107202511
040305012001202511
040305012007202511
040305013801202511
040305013807202511
040305014601202511
040305014607202511
040305015401202511
040305015407202511
040305016201202511
040306001001202511
040306001007202511
040306002801202511
040306002807202511
040306003601202511
040306003607202511
040306004401202511
040306004407202511
040306005201202511
040306005207202511
040306006001202511
040306006007202511
040306007901202511
040306007907202511
040306008701202511
040306008707202511
040306009501202511
040306009507202511
040307001501202511
040307004001202511
040307004007202511
040307005801202511
040307005807202511
040307008201202511
040307009001202511
040307010401202511
040307011201202511
040307012001202511
040307013901202511
040307013907202511
040307014701202511
040307014707202511
040307015501202511
040307015507202511
040307016301202511
040307016307202511
040307017101202511
040308001001202511
040308002901202511
040308003701202511
040308004501202511
040308005301202511
040308005307202511
040308006101202511
040308007001202511
040308007007202511
040308008801202511
040308008807202511
040308009601202511
040308009607202511
040308010001202511
040401001601202511
040401001605202511
040401001609202511
040401002401202511
040401002407202511
040401002409202511
040401003201202511
040401003207202511
040401003209202511
040401004001202511
040401004007202511
040401004009202511
040401005901202511
040401005907202511
040401005909202511
040401006701202511
040401006707202511
040401006709202511
040401008301202511
040401008307202511
040401008309202511
040401010501202511
040401010507202511
040401010509202511
040401011301202511
040401011307202511
040401011309202511
040401012101202511
040401012107202511
040401012109202511
040401013001202511
040401013007202511
040401013009202511
040401014801202511
040401014807202511
040401014809202511
040401016401202511
040401016407202511
040401016409202511
040401017201202511
040401017207202511
040401018001202511
040401018007202511
040401019901202511
040401019907202511
040401020201202511
040401020207202511
040401021001202511
040401021007202511
040401021009202511
040401022901202511
040401022907202511
040401022909202511
040401023701202511
040401023707202511
040401023709202511
040401028801202511
040401028807202511
040401028809202511
040401031801202511
040401031807202511
040401031809202511
040401032601202511
040401032607202511
040401032609202511
040401033401202511
040401033407202511
040401033409202511
040401035001202511
040401035007202511
040401035009202511
040401037701202511
040401037707202511
040401037709202511
040401038501202511
040401038507202511
040401038509202511
040401040701202511
040401040707202511
040401040709202511
040401041501202511
040401041507202511
040401041509202511
040401043101202511
040401043107202511
040401045801202511
040401045807202511
040401046601202511
040401046607202511
040401046609202511
040401047401202511
040401047407202511
040401047409202511
040401048201202511
040401048207202511
040401048209202511
040401049001202511
040401049007202511
040401049009202511
040401050401202511
040401050407202511
040401050409202511
040401051201202511
040401051207202511
040401051209202511
040401052001202511
040401052007202511
040401052009202511
040401053901202511
040401053907202511
040401053909202511
040401054701202511
040401054707202511
040401055501202511
040401055507202511
040401055509202511
040401056301202511
040401056309202511
040401057101202511
040401057107202511
040401058001202511
040401058007202511
040401059801202511
040401059807202511
040401060101202511
040401060107202511
040401061001202511
040401061007202511
040401062801202511
040401062807202511
040401063601202511
040401063607202511
040401064401202511
040401064407202511
040401065201202511
040401065207202511
040402001101202511
040402001107202511
040402001109202511
040402003801202511
040402003807202511
040402003809202511
040402004601202511
040402004607202511
040402004609202511
040402006201202511
040402006207202511
040402007001202511
040402007007202511
040402007009202511
040402008901202511
040402008907202511
040402008909202511
040402010001202511
040402010003202511
040402010007202511
040402010009202511
040402011901202511
040402011907202511
040402011909202511
040402013501202511
040402013507202511
040402014301202511
040402014307202511
040402014309202511
040402017801202511
040402017807202511
040402020801202511
040402020807202511
040402020809202511
040402022401202511
040402022407202511
040402023201202511
040402023207202511
040402023209202511
040402024001202511
040402024007202511
040402024009202511
040402027501202511
040402027507202511
040402029101202511
040402029107202511
040402031301202511
040402031307202511
040402031309202511
040402032101202511
040402032107202511
040402032109202511
040402034801202511
040402034807202511
040402034809202511
040402035601202511
040402035607202511
040402035609202511
040402038001202511
040402038007202511
040402039901202511
040402039907202511
040402039909202511
040402042901202511
040402042907202511
040402042909202511
040402045301202511
040402045307202511
040402045309202511
040402046101202511
040402046107202511
040402046109202511
040402047001202511
040402047007202511
040402047009202511
040402048801202511
040402048807202511
040402048809202511
040402049601202511
040402049607202511
040402050001202511
040402050007202511
040402051801202511
040402051807202511
040402051809202511
040402052601202511
040402052607202511
040402053401202511
040402053407202511
040402054201202511
040402054207202511
040402054209202511
040402055001202511
040402055007202511
040402056901202511
040402056907202511
040402056909202511
040402057701202511
040402057707202511
040402057709202511
040402058501202511
040402058507202511
040402059301202511
040402059307202511
040402060701202511
040402060707202511
040402064001202511
040402064007202511
040402064009202511
040402065801202511
040402065807202511
040402065809202511
040402066601202511
040402066607202511
040402066609202511
040402069001202511
040402069007202511
040402070401202511
040402070407202511
040402071201202511
040402071207202511
040402071209202511
040402072001202511
040402072007202511
040402073901202511
040402073907202511
040402077101202511
040402077107202511
040402077109202511
040402078001202511
040402078007202511
040402079801202511
040402079807202511
040402079809202511
040403001701202511
040403001707202511
040403001709202511
040403003301202511
040403003307202511
040403004101202511
040403004107202511
040403004109202511
040403005001202511
040403005007202511
040403005009202511
040403006801202511
040403006807202511
040403006809202511
040403007601202511
040403007607202511
040403007609202511
040403008401202511
040403008407202511
040403008409202511
040403010601202511
040403010607202511
040403010609202511
040403012201202511
040403012207202511
040403012209202511
040403013001202511
040403013007202511
040403013009202511
040403015701202511
040403015707202511
040403015709202511
040403016501202511
040403016507202511
040403016509202511
040403017301202511
040403017307202511
040403017309202511
040403019001202511
040403019007202511
040403019009202511
040403022001202511
040403022007202511
040403022009202511
040403024601202511
040403024607202511
040403024609202511
040403025401202511
040403025407202511
040403025409202511
040403026201202511
040403026207202511
040403026209202511
040403027001202511
040403027007202511
040403027009202511
040403028901202511
040403028907202511
040403029701202511
040403029707202511
040403030001202511
040403030007202511
040403031901202511
040403031907202511
040403031909202511
040403032701202511
040403032707202511
040501001001202511
040501001007202511
040501001009202511
040501002801202511
040501002807202511
040501002809202511
040501003601202511
040501003607202511
040501003609202511
040501007901202511
040501007907202511
040501007909202511
040501008701202511
040501008707202511
040501008709202511
040501011701202511
040501011707202511
040501011709202511
040501012501202511
040501012507202511
040501012509202511
040501013301202511
040501013307202511
040501013309202511
040501015001202511
040501015007202511
040501015009202511
040501017601202511
040501017607202511
040501017609202511
040502001501202511
040502001507202511
040502001509202511
040502002301202511
040502002307202511
040502002309202511
040503001001202511
040503001007202511
040503001009202511
040503002901202511
040503002907202511
040503002909202511
040503007001202511
040503007007202511
040503007009202511
040503009601202511
040503009607202511
040503009609202511
040503011801202511
040503011807202511
040503011809202511
040503013401202511
040503013407202511
040503013409202511
040503014201202511
040503014207202511
040503014209202511
040503016901202511
040503016907202511
040503016909202511
040503017701202511
040503017707202511
040503017709202511
040503018501202511
040503018507202511
040503019301202511
040503019307202511
040503020701202511
040503020707202511
040503020709202511
040504001601202511
040504001607202511
040504001609202511
040504002401202511
040504002407202511
040504002409202511
040504004001202511
040504004007202511
040504004009202511
040504005901202511
040504005907202511
040504005909202511
040504006701202511
040504006707202511
040504006709202511
040504007501202511
040504007507202511
040504007509202511
040504008301202511
040504008307202511
040504008309202511
040504009101202511
040504009107202511
040504009109202511
040504010501202511
040504010507202511
040504010509202511
040504014801202511
040504014807202511
040504014809202511
040504015601202511
040504015607202511
040504015609202511
040504016401202511
040504016407202511
040504016409202511
040504018001202511
040504018007202511
040504020201202511
040504020207202511
040504020209202511
040504021001202511
040504021007202511
040504021009202511
040505001101202511
040505001107202511
040505001109202511
040505004601202511
040505004607202511
040505004609202511
040505005401202511
040505005407202511
040505005409202511
040505009701202511
040505009707202511
040505009709202511
040505010001202511
040505010007202511
040505010009202511
040505011901202511
040505011907202511
040505011909202511
040505013501202511
040505013507202511
040505013509202511
040505014301202511
040505014307202511
040505014309202511
040505015101202511
040505015107202511
040505015109202511
040505018601202511
040505018607202511
040505018609202511
040505021601202511
040505021607202511
040505021609202511
040505022401202511
040505022407202511
040505022409202511
040505023201202511
040505023207202511
040505023209202511
040505031301202511
040505031307202511
040505031309202511
040505032101202511
040505032107202511
040505032109202511
040505035601202511
040505035607202511
040505035609202511
040505037201202511
040505037207202511
040505037209202511
040505038001202511
040505038007202511
040505038009202511
040505039901202511
040505039907202511
040505039909202511
040505040201202511
040505040209202511
040601001301202511
040601001307202511
040601002101202511
040601003001202511
040601004801202511
040601005601202511
040601006401202511
040601007201202511
040601007207202511
040601008001202511
040601009901202511
040601010201202511
040601010207202511
040601011001202511
040601011007202511
040601013701202511
040601013707202511
040601015301202511
040601015307202511
040601016101202511
040601017001202511
040601017007202511
040601018801202511
040601019601202511
040601019607202511
040601020001202511
040601020007202511
040601021801202511
040601021807202511
040601022601202511
040601022607202511
040601023401202511
040601024201202511
040601025001202511
040601025007202511
040601026901202511
040601026907202511
040601027701202511
040601027707202511
040601028501202511
040601028507202511
040601029301202511
040601030701202511
040601031501202511
040601032301202511
040601033101202511
040601033107202511
040601034001202511
040601035801202511
040601036601202511
040601036607202511
040601037401202511
040601037407202511
040601038201202511
040601039001202511
040601039007202511
040601040401202511
040601041201202511
040601041207202511
040601042001202511
040601042007202511
040601043901202511
040601044701202511
040601044707202511
040601045501202511
040601046301202511
040601046307202511
040601047101202511
040601047107202511
040601048001202511
040601049801202511
040601049807202511
040601050101202511
040601051001202511
040601051007202511
040601052801202511
040601052807202511
040601053601202511
040601054401202511
040601055201202511
040601056001202511
040601056007202511
040601056009202511
040601057901202511
040601058701202511
040601058709202511
040601059501202511
040601060901202511
040601061701202511
040601062501202511
040601063301202511
040601063309202511
040601064101202511
040601064107202511
040601064109202511
040601065001202511
040601065009202511
040601066801202511
040601066807202511
040601066809202511
040601067601202511
040601067607202511
040601067609202511
040601068401202511
040601068407202511
040601068409202511
040601069201202511
040601069207202511
040601070601202511
040601071401202511
040601071407202511
040601071409202511
040601073001202511
040601075701202511
040601075707202511
040601076501202511
040601076507202511
040601077301202511
040601077307202511
040601078101202511
040601078107202511
040601079001202511
040601079009202511
040601080301202511
040601080307202511
040601081101202511
040601082001202511
040601082007202511
040601083801202511
040601084601202511
040601085401202511
040601085409202511
040601086201202511
040601086209202511
040601087001202511
040601087009202511
040601088901202511
040601089701202511
040601090001202511
040601090007202511
040601091901202511
040601091907202511
040601091909202511
040601092701202511
040601093501202511
040601094301202511
040601095101202511
040601096001202511
040601096003202511
040601096007202511
040601097801202511
040601097803202511
040601097807202511
040601098601202511
040601099401202511
040601100101202511
040601100109202511
040601101001202511
040601101009202511
040601102801202511
040601102809202511
040601103601202511
040601103609202511
040601104401202511
040601104407202511
040601104409202511
040601105201202511
040601105209202511
040601107901202511
040601108701202511
040601108709202511
040601109501202511
040601109509202511
040601110901202511
040601110909202511
040601111701202511
040601111709202511
040601112501202511
040601112509202511
040601113301202511
040601113307202511
040601113309202511
040601114101202511
040601114109202511
040601115001202511
040601115007202511
040601115009202511
040601116801202511
040601116809202511
040601117601202511
040601117609202511
040601118401202511
040601118409202511
040601119201202511
040601119209202511
040601120601202511
040601121401202511
040601121407202511
040601122201202511
040601122207202511
040601123001202511
040601124901202511
040601125701202511
040601126501202511
040601126507202511
040601127301202511
040601127307202511
040601128101202511
040601128107202511
040601129001202511
040601129007202511
040601130301202511
040601130307202511
040601131101202511
040601131107202511
040601132001202511
040601132007202511
040601133801202511
040601133807202511
040601134601202511
040601134607202511
040601135401202511
040601135407202511
040601136201202511
040601136207202511
040601137001202511
040601137007202511
040601138901202511
040601138907202511
040601139701202511
040601139707202511
040601140001202511
040601140007202511
040601141901202511
040601141907202511
040601142701202511
040601142707202511
040601143501202511
040601143507202511
040601144301202511
040601144307202511
040601145101202511
040601145107202511
040601146001202511
040601146007202511
040601147801202511
040601147807202511
040601148601202511
040601148607202511
040601149401202511
040601149407202511
040601150801202511
040601150807202511
040601151601202511
040601151607202511
040602001901202511
040602001907202511
040602002701202511
040602002707202511
040602003501202511
040602003507202511
040602004301202511
040602004307202511
040602005101202511
040602005107202511
040602007801202511
040602007807202511
040602007809202511
040602010801202511
040602011601202511
040602011607202511
040602011609202511
040602012401202511
040602012407202511
040602015901202511
040602015907202511
040602015909202511
040602016701202511
040602016707202511
040602016709202511
040602019101202511
040602019107202511
040602021301202511
040602022101202511
040602023001202511
040602024801202511
040602024807202511
040602025601202511
040602025607202511
040602026401202511
040602026407202511
040602027201202511
040602027207202511
040602028001202511
040602028007202511
040602030201202511
040602030207202511
040602031001202511
040602031007202511
040602032901202511
040602032907202511
040602033701202511
040602033707202511
040602034501202511
040602034507202511
040602035301202511
040602035307202511
040602036101202511
040602036107202511
040602037001202511
040602037007202511
040602038801202511
040602038807202511
040602039601202511
040602039607202511
040602040001202511
040602040007202511
040602041801202511
040602041807202511
040602042601202511
040602042607202511
040602043401202511
040602043407202511
040602044201202511
040602044207202511
040602045001202511
040602046901202511
040602046907202511
040602047701202511
040602047707202511
040602048501202511
040602048507202511
040602049301202511
040602049307202511
040602050701202511
040602050707202511
040602051501202511
040602051507202511
040602052301202511
040602053101202511
040602053107202511
040602054001202511
040602054007202511
040602055801202511
040602055807202511
040602056601202511
040602056607202511
040602056609202511
040602057401202511
040602057407202511
040602057409202511
040602058201202511
040602058207202511
040602059001202511
040602059007202511
040602060401202511
040602060407202511
040602060409202511
040602062001202511
040602062003202511
040602062007202511
040602062009202511
040603001401202511
040603002201202511
040603003001202511
040603004901202511
040603005701202511
040603005707202511
040603006501202511
040603007301202511
040603008101202511
040603008107202511
040603009001202511
040603009007202511
040603010301202511
040603010307202511
040603011101202511
040603011107202511
040603012001202511
040603012007202511
040603013801202511
040603013807202511
040603014601202511
040603014607202511
040603015401202511
040603015407202511
040603016201202511
040604001001202511
040604001007202511
040604002801202511
040604002807202511
040604004401202511
040604004407202511
040604005201202511
040604005207202511
040604006001202511
040604006007202511
040604007901202511
040604007907202511
040604008701202511
040604009501202511
040604010901202511
040604010907202511
040604011701202511
040604011707202511
040604012501202511
040604012507202511
040604013301202511
040604014101202511
040604014107202511
040604015001202511
040604016801202511
040604017601202511
040604018401202511
040604019201202511
040604019207202511
040604020601202511
040604020607202511
040604020609202511
040604021401202511
040604021407202511
040604022201202511
040604022207202511
040604023001202511
040604023007202511
040604024901202511
040604024907202511
040604025701202511
040604025707202511
040604025709202511
040604026501202511
040604026507202511
040604027301202511
040604027307202511
040604027309202511
040604028101202511
040604029001202511
040604029007202511
040604029009202511
040604030301202511
040604030307202511
040604030309202511
040604031101202511
040604031107202511
040604031109202511
040604032001202511
040604032007202511
040604033801202511
040604033807202511
040605001501202511
040605001507202511
040605001509202511
040605002301202511
040605002307202511
040605002309202511
040605003101202511
040605003107202511
040605003109202511
040605004001202511
040605004007202511
040605004009202511
040605005801202511
040605005807202511
040605005809202511
040605006601202511
040605006607202511
040605006609202511
040605007401202511
040605007407202511
040605007409202511
040605008201202511
040605008207202511
040605008209202511
040605009001202511
040605009007202511
040605010401202511
040605010407202511
040605011201202511
040605012001202511
040605012007202511
040605012009202511
040605013901202511
040605013907202511
040605013909202511
040701001701202511
040701001707202511
040701003301202511
040701003307202511
040701004101202511
040701005001202511
040701005007202511
040701006801202511
040701006807202511
040701007601202511
040701008401202511
040701008407202511
040701009201202511
040701009207202511
040701010601202511
040701010607202511
040701011401202511
040701011407202511
040701012201202511
040701013001202511
040701014901202511
040701015701202511
040701015707202511
040701016501202511
040701016507202511
040701017301202511
040701018101202511
040701019001202511
040701019007202511
040701020301202511
040701020307202511
040701021101202511
040701021107202511
040701021109202511
040701022001202511
040701022007202511
040701022009202511
040701023801202511
040701023807202511
040701027001202511
040701027007202511
040701028901202511
040701029701202511
040701029707202511
040701030001202511
040701033501202511
040701033507202511
040701034301202511
040701034307202511
040701035101202511
040701035107202511
040701036001202511
040701037801202511
040701038601202511
040702001201202511
040702002001202511
040702003901202511
040702003907202511
040702004701202511
040702004707202511
040702006301202511
040702006307202511
040702007101202511
040702007107202511
040702008001202511
040702008007202511
040702009801202511
040702009807202511
040702010101202511
040702010107202511
040702011001202511
040702011007202511
040702011009202511
040702013601202511
040702013607202511
040702013609202511
040702014401202511
040702014407202511
040702014409202511
040702015201202511
040702015207202511
040702017901202511
040702017907202511
040702018701202511
040702018707202511
040702019501202511
040702019507202511
040702020901202511
040702020907202511
040702021701202511
040702021709202511
040702022501202511
040702022507202511
040702022509202511
040702023301202511
040702023307202511
040702024101202511
040702024107202511
040702025001202511
040702025007202511
040702026801202511
040702026807202511
040702026809202511
040702027601202511
040702027607202511
040702027609202511
040702028401202511
040702028407202511
040702028409202511
040702029201202511
040702029207202511
040702030601202511
040702030607202511
040702032201202511
040702032207202511
040702032209202511
040702033001202511
040702034901202511
040702035701202511
040702036501202511
040702036507202511
040702038101202511
040702038107202511
040702040301202511
040702040307202511
040702041101202511
040702041107202511
040702042001202511
040702042007202511
040702043801202511
040702043807202511
040702044601202511
040702044607202511
040702045401202511
040702045407202511
040702045409202511
040702046201202511
040702046207202511
040702047001202511
040702047007202511
040702047009202511
040703001801202511
040703001807202511
040703002601202511
040703002607202511
040703003401202511
040703003407202511
040703003409202511
040703004201202511
040703004207202511
040703005001202511
040703005007202511
040703006901202511
040703006907202511
040703007701202511
040703007707202511
040703007709202511
040703012301202511
040703012307202511
040703013101202511
040703013107202511
040703014001202511
040703014007202511
040703015801202511
040703015807202511
040703016601202511
040703016607202511
040703017401202511
040703017407202511
040703018201202511
040703018207202511
040703019001202511
040703019007202511
040703020401202511
040703021201202511
040703022001202511
040703024701202511
040703025501202511
040703025507202511
040704001301202511
040704001307202511
040704002101202511
040704002107202511
040704003001202511
040704003007202511
040704004801202511
040704004807202511
040704005601202511
040704005607202511
040704006401202511
040704006407202511
040704006409202511
040704007201202511
040704007207202511
040704007209202511
040704008001202511
040704008007202511
040704008009202511
040704009901202511
040704009907202511
040704009909202511
040704010201202511
040704010207202511
040704010209202511
040704011001202511
040704011007202511
040704011009202511
040704012901202511
040704012907202511
040704012909202511
040704013701202511
040704013707202511
040704013709202511
040704014501202511
040704014507202511
040704014509202511
040704015301202511
040704015307202511
040704015309202511
040704016101202511
040704016107202511
040704017001202511
040704017007202511
040704017009202511
040704018801202511
040704018807202511
040704020001202511
040704020007202511
040704022601202511
040704022607202511
040704022609202511
040704023401202511
040704023407202511
040704024201202511
040704024207202511
040704025001202511
040704025007202511
040704026901202511
040704026907202511
040801001001202511
040801001007202511
040801002901202511
040801002907202511
040801003701202511
040801003707202511
040801004501202511
040801005301202511
040801006101202511
040801007001202511
040801007007202511
040801008801202511
040801008807202511
040801009601202511
040801009607202511
040801009609202511
040801010001202511
040801010007202511
040801010009202511
040801011801202511
040801011807202511
040801011809202511
040801013401202511
040801013407202511
040801013409202511
040801014201202511
040801014207202511
040801014209202511
040801015001202511
040801015007202511
040801015009202511
040801016901202511
040801016907202511
040801017701202511
040801017707202511
040801018501202511
040801018507202511
040801018509202511
040801019301202511
040801019307202511
040801020701202511
040801020707202511
040801020709202511
040801021501202511
040801021509202511
040801022301202511
040801022307202511
040801022309202511
040801023101202511
040801023109202511
040802001601202511
040802001607202511
040802002401202511
040802002407202511
040802003201202511
040802003207202511
040802004001202511
040802005901202511
040802006701202511
040802007501202511
040802008301202511
040802009101202511
040802010501202511
040802010507202511
040802010509202511
040802011301202511
040802011307202511
040802012101202511
040802012107202511
040802012109202511
040802013001202511
040802013007202511
040802014801202511
040802014807202511
040802014809202511
040802015601202511
040802015607202511
040802016401202511
040802016407202511
040802016409202511
040802017201202511
040802017207202511
040802017209202511
040802018001202511
040802018007202511
040802018009202511
040802019901202511
040802019907202511
040802019909202511
040802020201202511
040802020207202511
040802020209202511
040802021001202511
040802021007202511
040802022901202511
040802022907202511
040802022909202511
040802024501202511
040802024507202511
040802024509202511
040802025301202511
040802025307202511
040802026101202511
040802026107202511
040802027001202511
040802027007202511
040802028801202511
040802028807202511
040802029601202511
040802029607202511
040802029609202511
040802030001202511
040802030007202511
040802030009202511
040802031801202511
040802031807202511
040802031809202511
040802032601202511
040802032607202511
040802032609202511
040802033401202511
040802033407202511
040802034201202511
040802034207202511
040802034209202511
040802035001202511
040802035007202511
040802036901202511
040802036907202511
040802037701202511
040802037707202511
040802037709202511
040802038501202511
040802038507202511
040802039301202511
040802039307202511
040802040701202511
040802040707202511
040802041501202511
040802041507202511
040802042301202511
040802042307202511
040802043101202511
040802043107202511
040802044001202511
040802044007202511
040802044009202511
040802045801202511
040802045807202511
040802046601202511
040802046607202511
040802047401202511
040802047407202511
040802047409202511
040802048201202511
040802048207202511
040802048209202511
040802049001202511
040802049007202511
040802049009202511
040802050401202511
040802050407202511
040802050409202511
040802051201202511
040802051207202511
040802051209202511
040802052001202511
040802052007202511
040802052009202511
040802053901202511
040802053907202511
040802053909202511
040802054701202511
040802054707202511
040802055501202511
040802055507202511
040802055509202511
040802056301202511
040802056307202511
040802057101202511
040802057107202511
040802058001202511
040802058007202511
040802059801202511
040802059807202511
040802059809202511
040802060101202511
040802060107202511
040802060109202511
040802061001202511
040802061007202511
040802061009202511
040802062801202511
040802062807202511
040802062809202511
040802063601202511
040802063607202511
040802063609202511
040802064401202511
040802064407202511
040802064409202511
040803001101202511
040803001107202511
040803002001202511
040803002007202511
040803003801202511
040803003807202511
040803004601202511
040803005401202511
040803005407202511
040803006201202511
040803006207202511
040803007001202511
040803007007202511
040803008901202511
040803008907202511
040803009701202511
040803009707202511
040803010001202511
040803010007202511
040803011901202511
040803011907202511
040803012701202511
040803012707202511
040803013501202511
040803014301202511
040803015101202511
040803016001202511
040803017801202511
040803017807202511
040803018601202511
040803019401202511
040803020801202511
040803021601202511
040803022401202511
040803023201202511
040803023207202511
040803024001202511
040803024007202511
040803025901202511
040803025907202511
040803026701202511
040803026707202511
040803027501202511
040803027507202511
040803028301202511
040803028307202511
040803029101202511
040803029107202511
040803030501202511
040803030507202511
040803031301202511
040803031307202511
040803032101202511
040803032107202511
040803033001202511
040803033007202511
040803034801202511
040803034807202511
040803035601202511
040803036401202511
040803036407202511
040803037201202511
040803037207202511
040803038001202511
040803038007202511
040803039901202511
040803039907202511
040803040201202511
040803040207202511
040803041001202511
040803041007202511
040803042901202511
040803042907202511
040803043701202511
040803043707202511
040803044501202511
040803044507202511
040803045301202511
040803045307202511
040803046101202511
040803046107202511
040803047001202511
040803047007202511
040803050001202511
040803050007202511
040803051801202511
040803051807202511
040803052601202511
040803052607202511
040803053401202511
040803053407202511
040803054201202511
040803054207202511
040803055001202511
040803055007202511
040803056901202511
040803056907202511
040803057701202511
040803057707202511
040803058501202511
040803058507202511
040803059301202511
040803059307202511
040803060701202511
040803060707202511
040803061501202511
040803061507202511
040803062301202511
040803062307202511
040803063101202511
040803063107202511
040803064001202511
040803064007202511
040803065801202511
040803065807202511
040803066601202511
040803066607202511
040803067401202511
040803067407202511
040803068201202511
040803068207202511
040803069001202511
040803069007202511
040803070401202511
040803071201202511
040803071207202511
040803072001202511
040803072007202511
040803073901202511
040803073907202511
040803074701202511
040803074707202511
040803075501202511
040803075507202511
040803075509202511
040803076301202511
040803076307202511
040803077101202511
040803077107202511
040803078001202511
040803079801202511
040803080101202511
040803080107202511
040803081001202511
040803081007202511
040803082801202511
040803082807202511
040803083601202511
040803083607202511
040803084401202511
040803084407202511
040803085201202511
040803085207202511
040803086001202511
040803086007202511
040803087901202511
040803087907202511
040803088701202511
040803088707202511
040803089501202511
040803089507202511
040803090901202511
040803090907202511
040803091701202511
040803091707202511
040804001701202511
040804001707202511
040804002501202511
040804002507202511
040804003301202511
040804003307202511
040804004101202511
040804004107202511
040804005001202511
040804006801202511
040804007601202511
040804008401202511
040804009201202511
040804010601202511
040804010607202511
040804011401202511
040804011407202511
040804012201202511
040804012207202511
040804013001202511
040804013007202511
040804014901202511
040804014907202511
040804015701202511
040804015707202511
040804016501202511
040804016507202511
040804017301202511
040804017307202511
040804018101202511
040804018107202511
040804018109202511
040804019001202511
040804019007202511
040804019009202511
040804020301202511
040804020307202511
040804022001202511
040804022007202511
040804023801202511
040804023807202511
040804024601202511
040804024607202511
040804025401202511
040804025407202511
040804026201202511
040804026207202511
040804027001202511
040804027007202511
040804028901202511
040804028907202511
040804029701202511
040804029707202511
040804030001202511
040804030007202511
040804031901202511
040804031907202511
040804032701202511
040804032707202511
040804033501202511
040804033507202511
040804034301202511
040804034307202511
040805001201202511
040805001207202511
040805002001202511
040805002007202511
040805003901202511
040805003907202511
040805004701202511
040805004707202511
040805005501202511
040805006301202511
040805007101202511
040805008001202511
040805008007202511
040805010101202511
040805010107202511
040805011001202511
040805011007202511
040805012801202511
040805012807202511
040805013601202511
040805013607202511
040805014401202511
040805014407202511
040805014409202511
040805015201202511
040805015207202511
040805016001202511
040805016007202511
040805016009202511
040805017901202511
040805017907202511
040805019501202511
040805019507202511
040805019509202511
040805020901202511
040805020907202511
040805020909202511
040805021701202511
040805021707202511
040805021709202511
040805022501202511
040805022507202511
040805022509202511
040805023301202511
040805023307202511
040805024101202511
040805024107202511
040805024109202511
040805025001202511
040805025007202511
040805025009202511
040805026801202511
040805026807202511
040805026809202511
040805027601202511
040805027607202511
040805027609202511
040805028401202511
040805028407202511
040805028409202511
040805029201202511
040805029207202511
040805029209202511
040805030601202511
040805030607202511
040805031401202511
040805031407202511
040805032201202511
040805032207202511
040805032209202511
040805033001202511
040805033007202511
040805034901202511
040805034907202511
040805034909202511
040805035701202511
040805035707202511
040805035709202511
040805036501202511
040805036507202511
040805037301202511
040805037307202511
040805037309202511
040805038101202511
040805038107202511
040805039001202511
040805039007202511
040805039009202511
040805040301202511
040805041101202511
040805041107202511
040805042001202511
040805042007202511
040805043801202511
040805043807202511
040805044601202511
040805044607202511
040805044609202511
040805045401202511
040805045407202511
040805046201202511
040805046207202511
040805047001202511
040805047007202511
040805048901202511
040805048907202511
040805049701202511
040805049707202511
040805050001202511
040805050007202511
040805051901202511
040805051907202511
040805052701202511
040805052707202511
040805053501202511
040805053507202511
040805054301202511
040805054307202511
040805055101202511
040805055107202511
040805056001202511
040805056007202511
040805057801202511
040805057807202511
040805058601202511
040805058607202511
040805059401202511
040805059407202511
040805060801202511
040805060807202511
040805061601202511
040805061607202511
040805062401202511
040805062407202511
040805063201202511
040805063207202511
040805064001202511
040805064007202511
040805064009202511
040805065901202511
040805065907202511
040805065909202511
040805066701202511
040805066709202511
040805067501202511
040805067507202511
040805068301202511
040805068307202511
040805069101202511
040805069107202511
040805069109202511
040805070501202511
040805070507202511
040805071301202511
040805071307202511
040805072101202511
040805072107202511
040805073001202511
040805073007202511
040805073009202511
040805074801202511
040805074807202511
040805074809202511
040805075601202511
040805075607202511
040805075609202511
040805076401202511
040805076407202511
040805076409202511
040805077201202511
040805077207202511
040805078001202511
040805078007202511
040805079901202511
040805079907202511
040805080201202511
040805080207202511
040805081001202511
040805081007202511
040805082901202511
040805082907202511
040805082909202511
040805083701202511
040805083707202511
040805084501202511
040805084507202511
040805085301202511
040805085307202511
040805086101202511
040805086107202511
040805087001202511
040805087007202511
040805088801202511
040805088807202511
040805088809202511
040805089601202511
040805089607202511
040805089609202511
040805090001202511
040805091801202511
040805091807202511
040805091809202511
040805092601202511
040805092607202511
040805092609202511
040806001801202511
040806001807202511
040806001809202511
040806002601202511
040806002607202511
040806003401202511
040806003407202511
040806004201202511
040806004207202511
040806004209202511
040806005001202511
040806005007202511
040806005009202511
040806006901202511
040806006907202511
040806007701202511
040806007707202511
040806008501202511
040806008507202511
040806008509202511
040806009301202511
040806009307202511
040806010701202511
040806010707202511
040806011501202511
040806011507202511
040806011509202511
040806012301202511
040806012307202511
040806012309202511
040806013101202511
040806013107202511
040806013109202511
040806014001202511
040806014007202511
040806014009202511
040806015801202511
040806015807202511
040806015809202511
040806016601202511
040806016607202511
040806017401202511
040806017407202511
040806018201202511
040806018207202511
040806019001202511
040806019007202511
040806020401202511
040806020407202511
040806020409202511
040806021201202511
040806021207202511
040806021209202511
040806023901202511
040806023907202511
040806024701202511
040806024707202511
040806025501202511
040806025507202511
040806026301202511
040806026307202511
040806027101202511
040806027107202511
040806028001202511
040806028007202511
040806029801202511
040806029807202511
040806029809202511
040806030101202511
040806030107202511
040806030109202511
040806031001202511
040806031007202511
040806031009202511
040806032801202511
040806032807202511
040806032809202511
040806033601202511
040806033607202511
040806033609202511
040806034401202511
040806034407202511
040806034409202511
040806035201202511
040806035207202511
040806035209202511
040806036001202511
040806036007202511
040806036009202511
040806037901202511
040806037907202511
040806037909202511
040806038701202511
040806038707202511
040806039501202511
040806039507202511
040806039509202511
040806040901202511
040806040907202511
040806040909202511
040806041701202511
040806041707202511
040806041709202511
040806042501202511
040806042507202511
040806042509202511
040806043301202511
040806043307202511
040806043309202511
040806044101202511
040806044107202511
040806044109202511
040806045001202511
040806045007202511
040806045009202511
040806046801202511
040806046807202511
040806046809202511
040806047601202511
040806047607202511
040806047609202511
040806048401202511
040806048407202511
040806048409202511
040806049201202511
040806049207202511
040806050601202511
040806050607202511
040806051401202511
040806051407202511
040806052201202511
040806052207202511
040806053001202511
040806053007202511
040806053009202511
040806054901202511
040806054907202511
040806054909202511
040806055701202511
040806055707202511
040806056501202511
040806056507202511
040806056509202511
040806057301202511
040806057307202511
040806057309202511
040806058101202511
040806058107202511
040806058109202511
040806059001202511
040806059007202511
040806060301202511
040806060307202511
040806060309202511
040806061101202511
040806062001202511
040806062007202511
040806063801202511
040806063807202511
040806063809202511
040806064601202511
040806064607202511
040806066201202511
040806066207202511
040806067001202511
040806067007202511
040806067009202511
040806069701202511
040806069707202511
040806070001202511
040806070007202511
040806070009202511
040901001401202511
040901001407202511
040901002201202511
040901002207202511
040901003001202511
040901003007202511
040901004901202511
040901004907202511
040901005701202511
040901005707202511
040901006501202511
040901006507202511
040901006509202511
040901007301202511
040901007307202511
040901008101202511
040901008107202511
040901009001202511
040901009007202511
040901009009202511
040901012001202511
040901012007202511
040901012009202511
040901013801202511
040901013807202511
040901014601202511
040901014607202511
040901014609202511
040901017001202511
040901017007202511
040901017009202511
040901018901202511
040901018907202511
040901019701202511
040901019707202511
040901020001202511
040901020007202511
040901021901202511
040901022701202511
040901022707202511
040901023501202511
040901023507202511
040901024301202511
040901024307202511
040901025101202511
040901025107202511
040901026001202511
040901026007202511
040901028601202511
040901028607202511
040901029401202511
040901029407202511
040901030801202511
040901030807202511
040901031601202511
040901031607202511
040901032401202511
040901032407202511
040901033201202511
040901033207202511
040901034001202511
040901034007202511
040901036701202511
040901036707202511
040901037501202511
040901037507202511
040901037509202511
040901038301202511
040901038307202511
040901038309202511
040901039101202511
040901039107202511
040901039109202511
040901040501202511
040901040507202511
040901041301202511
040901041307202511
040901043001202511
040901043007202511
040901043009202511
040901045601202511
040901045607202511
040901046401202511
040901046407202511
040901047201202511
040901047207202511
040901048001202511
040901048007202511
040901048009202511
040901049901202511
040901050201202511
040901050207202511
040901051001202511
040901051007202511
040901051009202511
040901052901202511
040901052907202511
040901053701202511
040901053707202511
040901054501202511
040901054507202511
040901055301202511
040901055307202511
040901056101202511
040901056107202511
040901057001202511
040901057007202511
040901058801202511
040901058807202511
040901059601202511
040901059607202511
040901059609202511
040902001001202511
040902001007202511
040902001009202511
040902002801202511
040902002807202511
040902002809202511
040902004401202511
040902004407202511
040902004409202511
040902005201202511
040902005207202511
040902007901202511
040902007907202511
040902007909202511
040902008701202511
040902008707202511
040902008709202511
040902009501202511
040902009507202511
040902009509202511
040902010901202511
040902010907202511
040902010909202511
040902012501202511
040902012507202511
040902012509202511
040902013301202511
040902013307202511
040902013309202511
040902014101202511
040902014107202511
040902014109202511
040902015001202511
040902015007202511
040902015009202511
040902016801202511
040902016807202511
040902016809202511
040902017601202511
040902017607202511
040902017609202511
040903001501202511
040903001509202511
040903002301202511
040903003101202511
040903004001202511
040904001001202511
040904001007202511
040904001009202511
040904003701202511
040904003707202511
040904003709202511
040904004501202511
040904004507202511
040904005301202511
040904005307202511
040904005309202511
040904007001202511
040904007007202511
040904007009202511
040904008801202511
040904008807202511
040904008809202511
040904009601202511
040904009607202511
040904009609202511
040904011801202511
040904011807202511
040904011809202511
040904012601202511
040904012607202511
040904012609202511
040904013401202511
040904013407202511
040904013409202511
040904014201202511
040904014209202511
040904015001202511
040904015007202511
040904015009202511
040904016901202511
040904016907202511
040904016909202511
040904017701202511
040904017707202511
040904017709202511
040904018501202511
040904018507202511
040904018509202511
040904019301202511
040904019307202511
040904019309202511
040904020701202511
040904020707202511
040904020709202511
040904021501202511
040904021507202511
040904021509202511
040904022301202511
040904022309202511
040904023101202511
040904023107202511
040904023109202511
040904024001202511
040904024009202511
040905001601202511
040905001607202511
040905002401202511
040905002407202511
040905002409202511
040905003201202511
040905003209202511
040905004001202511
040905004007202511
040905004009202511
040905007501202511
040905007507202511
040905007509202511
040905008301202511
040905008307202511
040905008309202511
040905009101202511
040905009107202511
040905009109202511
040905010501202511
040905010507202511
040905010509202511
040905011301202511
040905011307202511
040905011309202511
040905013001202511
040905014801202511
040905016401202511
040906001101202511
040906001102202511
040906001107202511
040906001109202511
040906002001202511
040906003801202511
040906003809202511
040906004601202511
040906004607202511
040906004609202511
040906005401202511
040906005402202511
040906005409202511
040906007001202511
040906007002202511
040906007009202511
040906010001202511
040906010007202511
040906011901202511
040906011907202511
040906012701202511
040906012707202511
040906013501202511
040906013507202511
040906014301202511
040906014307202511
040906015101202511
040906015107202511
040906016001202511
040906016007202511
040906017801202511
040906017807202511
040906017809202511
040906018601202511
040906018609202511
040906019401202511
040906019407202511
040906019409202511
040906020801202511
040906020807202511
040906020809202511
040906021601202511
040906021607202511
040906021609202511
040906022401202511
040906022407202511
040906022409202511
040906023201202511
040906023202202511
040906023207202511
040906023209202511
040906024001202511
040906024002202511
040906024007202511
040906024009202511
040906025901202511
040906025902202511
040906025907202511
040906025909202511
040906026701202511
040906026702202511
040906026707202511
040906026709202511
040906027501202511
040906027507202511
040906027509202511
040906028301202511
040906028307202511
040906029101202511
040906031301202511
040906031302202511
040907001701202511
040907001709202511
040907002501202511
040907002509202511
040907003301202511
040907003309202511
040907004101202511
040907004109202511
040907005001202511
040907006801202511
040907006809202511
040907007601202511
040907007609202511
040907008401202511
040907008409202511
040907009201202511
040907009207202511
040907009209202511
040907010601202511
040907010607202511
040907010609202511
040907011401202511
040907011407202511
040907013001202511
040907013007202511
040907013009202511
040907014901202511
040907014907202511
040907014909202511
040907015701202511
040907015707202511
040907015709202511
040907019001202511
040907019009202511
040907020301202511
040907021101202511
040907021107202511
040907022001202511
040907022007202511
040907022009202511
040907023801202511
040907023807202511
040907024601202511
040907024607202511
040907025401202511
040907025407202511
040907026201202511
040907026207202511
040907026209202511
040907027001202511
040907027009202511
040907028901202511
040907028907202511
040907028909202511
040907029701202511
040907030001202511
040907030009202511
040907031901202511
041001001401202511
041001001407202511
041001001409202511
041001005701202511
041001006501202511
041001006507202511
041001006509202511
041001007301202511
041001007307202511
041001007309202511
041001008101202511
041001008107202511
041001008109202511
041001009001202511
041001009009202511
041001011101202511
041001011107202511
041001011109202511
041001012001202511
041001012007202511
041001013801202511
041001014601202511
041001015401202511
041001016201202511
041001019701202511
041001020001202511
041001021901202511
041101001801202511
041101001802202511
041101001809202511
041101002601202511
041101002602202511
041101003401202511
041101003402202511
041101004201202511
041101004202202511
041101005001202511
041101005002202511
041101005009202511
041101007701202511
041101007702202511
041101007709202511
041101008501202511
041101008502202511
041102001301202511
041102001302202511
041102001309202511
041102002101202511
041102002102202511
041102002109202511
041102003001202511
041102003002202511
041102004801202511
041102004802202511
041201001101202511
041201001107202511
041201002001202511
041201002007202511
041201003801202511
041201003807202511
041201003809202511
041201004601202511
041201004607202511
041201004609202511
041201007001202511
041201007007202511
041201008901202511
041201008907202511
041201009701202511
041201009707202511
041201010001202511
041201010007202511
041201011901202511
041201011907202511
041201013501202511
041201013507202511
041201014301202511
041201014307202511
041202001701202511
041202001707202511
041202002501202511
041202002507202511
041202003301202511
041202003307202511
041202005001202511
041202005007202511
041202006801202511
041202006807202511
041202007601202511
041202007607202511
041202008401202511
041202008407202511
041203001201202511
041203001207202511
041203004701202511
041203004707202511
041203008001202511
041203008007202511
041203009801202511
041203009807202511
041203009809202511
041203010101202511
041203010107202511
041203011001202511
041203011007202511
041204001801202511
041204001807202511
041204001809202511
041204002601202511
041204002607202511
041204003401202511
041204003407202511
041204004201202511
041204004207202511
041204005001202511
041204005007202511
041204006901202511
041204006907202511
041204008501202511
041204008507202511
041204008509202511
041204010701202511
041204010707202511
041204011501202511
041204011507202511
041204012301202511
041204012307202511
041204013101202511
041204013107202511
041204015801202511
041204015807202511
041204016601202511
041204016607202511
041204017401202511
041204017407202511
041204018201202511
041204018207202511
041204019001202511
041204019007202511
041204020401202511
041204020407202511
041204021201202511
041204021207202511
041204022001202511
041204022007202511
041204022009202511
041205001301202511
041205001307202511
041205003001202511
041205003007202511
041205004801202511
041205004807202511
041205006401202511
041205006407202511
041205007201202511
041205007207202511
041205008001202511
041205008007202511
041205010201202511
041205010207202511
041205011001202511
041205011007202511
041205013701202511
041205013707202511
041205014501202511
041205014507202511
041205015301202511
041205015307202511
041205016101202511
041205016107202511
041301001501202511
041301001507202511
041301006601202511
041301008201202511
041301008207202511
041301009001202511
041301009007202511
041303001601202511
041303001607202511
041303001609202511
041303002401202511
041303002407202511
041303002409202511
041303003201202511
041303003209202511
041303005901202511
041303005907202511
041303005909202511
041303006701202511
041303006709202511
041303007501202511
041303007509202511
041303008301202511
041303008307202511
041303008309202511
041304002001202511
041304002007202511
041304003801202511
041304004601202511
041304005401202511
041304005409202511
041304006201202511
041304006209202511
041304007001202511
041304007009202511
041304008901202511
041304008909202511
041304009701202511
041304009707202511
041304010001202511
041304010007202511
041304011901202511
041304011907202511
041304011909202511
041304012701202511
041304012707202511
041304012709202511
041304013501202511
041304013507202511
041304013509202511
041304014301202511
041304014307202511
041304014309202511
041304015101202511
041304015107202511
041304015109202511
041304016001202511
041304016007202511
041304017801202511
041304017807202511
041304018601202511
041304018607202511
041304018609202511
041304019401202511
041304019407202511
041304019409202511
041304020801202511
041304020807202511
041304020809202511
041304021601202511
041304021607202511
041304021609202511
041304022401202511
041304022407202511
041304022409202511
041304023201202511
041304023207202511
041304023209202511
041304024001202511
041304024007202511
041304025901202511
041304025909202511
041304026701202511
041401002701202511
041401003501202511
041401025601202511
041401025607202511
041401025609202511
041401027201202511
041401027207202511
041401027209202511
041401032901202511
041401032907202511
041401032909202511
041401034501202511
041401034507202511
041401034509202511
041402002201202511
041402002203202511
041402002207202511
041402002209202511
041402003001202511
041402003003202511
041402003007202511
041402003009202511
041402004901202511
041402004903202511
041402004907202511
041402004909202511
041402005701202511
041402005703202511
041402005707202511
041402005709202511
041402006501202511
041402006503202511
041402006507202511
041402006509202511
041402007301202511
041402007303202511
041402007307202511
041402007309202511
041402008101202511
041402008103202511
041402008107202511
041402008109202511
041402009001202511
041402009003202511
041402009007202511
041402009009202511
041402014601202511
041402014603202511
041402014607202511
041402014609202511
041402015401202511
041402015403202511
041402015407202511
041402015409202511
041402016201202511
041402016203202511
041402016207202511
041402016209202511
041402020001202511
041402020003202511
041402020007202511
041402020009202511
041402021901202511
041402021903202511
041402021907202511
041402021909202511
041402024301202511
041402024303202511
041402024307202511
041402024309202511
041402027801202511
041402027803202511
041402027807202511
041402027809202511
041402029401202511
041402029403202511
041402029407202511
041402029409202511
041402036701202511
041402036703202511
041402036707202511
041402036709202511
041402037501202511
041402037503202511
041402037507202511
041402037509202511
041402041301202511
041402041303202511
041402041307202511
041402041309202511
041501001201202511
041501001207202511
041502001801202511
041502003401202511
041502003407202511
041502004201202511
041502004207202511
041502005001202511
041502005007202511
041502006901202511
041502006907202511
041502007701202511
041502007707202511
041502008501202511
041503001301202511
041503001307202511
041504002701202511
041504002707202511
041504003501202511
041504003507202511
041601001601202511
041601001607202511
041601002401202511
041601002407202511
041601004001202511
041601004007202511
041601007501202511
041601007507202511
041601009101202511
041601009107202511
041601011301202511
041601011307202511
041601011309202511
041601012101202511
041601013001202511
041601016401202511
041601016407202511
041601017201202511
041601017207202511
041601017209202511
041601018001202511
041601018007202511
041601019901202511
041601019907202511
041601020201202511
041601020207202511
041601021001202511
041601021007202511
041601022901202511
041601022907202511
041602002001202511
041602002007202511
041602015101202511
041602015107202511
041602016001202511
041602016007202511
041602017801202511
041602017807202511
041602017809202511
041602018601202511
041602018607202511
041602018609202511
041602019401202511
041602019407202511
041602020801202511
041602020807202511
041602021601202511
041602021607202511
041602021609202511
041602022401202511
041602022407202511
041602023201202511
041602023207202511
041602024001202511
041602024007202511
041602024009202511
041602025901202511
041602025907202511
041603002501202511
041603002507202511
041603002509202511
041603003301202511
041603003307202511
041603003309202511
041603004101202511
041603004107202511
041603004109202511
041603006801202511
041603006807202511
041603007601202511
041603008401202511
041603008407202511
041603009201202511
041603009207202511
041603014901202511
041603014907202511
041603014909202511
041603015701202511
041603015707202511
041603015709202511
041603016501202511
041603016507202511
041603017301202511
041603017307202511
041603018101202511
041603018107202511
041603019001202511
041603020301202511
041603020307202511
041603021101202511
041603021107202511
041603022001202511
041603022007202511
041603023801202511
041603023807202511
041603024601202511
041603024607202511
041603025401202511
041603026201202511
041603027001202511
041603027007202511
041603028901202511
041603029701202511
041603030001202511
041603030007202511
041603031901202511
041603031907202511
041603032701202511
041603032707202511
041603032709202511
041603033501202511
041603033507202511
041603033509202511
041603034301202511
041603034307202511
041603035101202511
041603035107202511
041603035109202511
041603036001202511
041603036007202511
041604001201202511
041604001207202511
041604002001202511
041604002007202511
041604003901202511
041604003907202511
041604004701202511
041604004707202511
041604005501202511
041604005507202511
041604007101202511
041604007107202511
041604010101202511
041604010107202511
041604011001202511
041604011007202511
041604012801202511
041604012807202511
041604014401202511
041604014407202511
041604017901202511
041604017909202511
041604018701202511
041604018709202511
041604019501202511
041604019509202511
041604020901202511
041604020907202511
041604021701202511
041604021707202511
041604022501202511
041604022507202511
041604023301202511
041604023307202511
041604024101202511
041604024107202511
041604025001202511
041604025007202511
041604026801202511
041604026807202511
041604027601202511
041604027607202511
041604028401202511
041604029201202511
041604030601202511
041604031401202511
041604031407202511
041604032201202511
041604032207202511
041604033001202511
041604033007202511
041604034901202511
041604034907202511
041605001801202511
041605001807202511
041605002601202511
041605002607202511
041605003401202511
041605003407202511
041605005001202511
041605005007202511
041605007701202511
041605007707202511
041605009301202511
041605009307202511
041605010701202511
041605010707202511
041605011501202511
041605011507202511
041605012301202511
041605012307202511
041606001301202511
041606001307202511
041606001309202511
041606002101202511
041606002107202511
041606003001202511
041606003007202511
041606005601202511
041606005607202511
041606006401202511
041606006407202511
041606008001202511
041606008007202511
041606009901202511
041606009907202511
041606010201202511
041606010207202511
041606011001202511
041606011007202511
041606012901202511
041606012907202511
041606013701202511
041606013707202511
041608001401202511
041608001407202511
041608001409202511
041608003001202511
041608003007202511
041608003009202511
041608008101202511
041608008107202511
041608009001202511
041608009007202511
041608011101202511
041608011107202511
041608012001202511
041608012007202511
041608012009202511
041609001001202511
041609001007202511
041609002801202511
041609002807202511
041609003601202511
041609003607202511
041609007901202511
041609007907202511
041609010901202511
041609010907202511
041609011701202511
041609011707202511
041609012501202511
041609012507202511
041609013301202511
041609013307202511
041611001001202511
041611001007202511
041611002901202511
041611002907202511
041611003701202511
041611003707202511
041611004501202511
041611004507202511
041611005301202511
041611005307202511
041611006101202511
041611006107202511
041611007001202511
041611007007202511
041611008801202511
041611008807202511
041612002401202511
041612003201202511
041612004001202511
041612004009202511
041612005901202511
041612005909202511
050103006901202511
050103006903202511
050103006907202511
050201001074202511
050201001075202511
050201001076202511
050201001077202511
050201001078202511
050201001079202511
050201002977202511
050201002978202511
050201002979202511
050201002980202511
050201002981202511
050201002982202511
050301001401202511
050301001403202511
050301001474202511
050301001475202511
050301001476202511
050301001477202511
050301001478202511
050301001479202511
050301001480202511
050301001481202511
050301001482202511
050301002201202511
050301002274202511
050301002275202511
050301002276202511
050301002277202511
050301002278202511
050301002279202511
050301002280202511
050301002281202511
050301002282202511
050302001001202511
050302002801202511
050303001574202511
050303001575202511
050303001576202511
050303001577202511
050303001578202511
050303001579202511
050303001580202511
050303001581202511
050303001582202511
050303002301202511
050303002374202511
050303002375202511
050303002376202511
050303002377202511
050303002378202511
050303002379202511
050303002380202511
050303002381202511
050303002382202511
050303003101202511
050303003174202511
050303003175202511
050303003176202511
050303003177202511
050303003178202511
050303003179202511
050303003180202511
050303003181202511
050303003182202511
050303004001202511
050303004074202511
050303004075202511
050303004076202511
050303004077202511
050303004078202511
050303004080202511
050303004081202511
050303004082202511
050303005801202511
050303005874202511
050303005875202511
050303005876202511
050303005877202511
050303005878202511
050303005879202511
050303005880202511
050303005881202511
050303005882202511
050303006601202511
050303006674202511
050303006675202511
050303006676202511
050303006677202511
050303006678202511
050303006679202511
050303006680202511
050303006681202511
050303006682202511
050303007401202511
050303007474202511
050303007475202511
050303007476202511
050303007477202511
050303007478202511
050303007479202511
050303007480202511
050303007481202511
050303007482202511
050303008201202511
050303008274202511
050303008275202511
050303008276202511
050303008277202511
050303008278202511
050303008279202511
050303008280202511
050303008281202511
050303008282202511
050303009001202511
050303009074202511
050303009075202511
050303009076202511
050303009077202511
050303009078202511
050303009079202511
050303009080202511
050303009081202511
050303009082202511
050303010401202511
050303010474202511
050303010475202511
050303010476202511
050303010477202511
050303010478202511
050303010479202511
050303010480202511
050303010481202511
050303010482202511
050304004574202511
050304004575202511
050304004576202511
050304004577202511
050304004578202511
050304004579202511
050304004580202511
050304004581202511
050304004582202511
050501001103202511
050501001107202511
050501002003202511
050501002007202511
050501003803202511
050501003807202511
050501004603202511
050501004607202511
050501005403202511
050501005407202511
050501006203202511
050501006207202511
050501007003202511
050501007007202511
050501008903202511
050501008907202511
050501009701202511
050501009707202511
050501009709202511
050501012701202511
050501012707202511
050501012709202511
050501013501202511
050501013507202511
050501013509202511
050501014309202511
050502004101202511
050502004107202511
050502005001202511
050502005007202511
050502006801202511
050502007601202511
050502008401202511
050502009201202511
050502010601202511
050502012201202511
050502014901202511
050602001012202511
050602002912202511
050602003712202511
050602004503202511
050602004507202511
050602004509202511
050602004512202511
050602005301202511
050602005303202511
050602005307202511
050602006101202511
050602006103202511
050602006107202511
050602007001202511
050602007003202511
050602007007202511
050602009601202511
050602009603202511
050602009607202511
050602010001202511
050602010003202511
050602010007202511
050602011801202511
050602011803202511
050602011807202511
050602013401202511
050602013403202511
050602013407202511
070209005001202511
070209005007202511
070209006901202511
070209006907202511
080201006765202511
080201007579202511
080201008375202511
080201009176202511
080201010574202511
080201011383202511
080201012181202511
080201013082202511
080201014877202511
080201015678202511
080201016480202511
080201021085202511
080201022986202511
080201023792202511
080201024593202511
080201025387202511
080201026187202511
080201027087202511
080201032696202511
